TRAIN
Loss: 1.0052161855357034
Precision: 0.9507562432970319
Recall: 0.9402859210968018
AUC: 0.9886202982493809
Accuracy: 0.9461048330579486

VALIDATION
Loss: 1.5250180044344492
Precision: 0.6258652465684074
Recall: 0.5916615554264614
AUC: 0.7851413467100689
Accuracy: 0.612507660474096

TEST
Loss: 1.3432934284210205
Precision: 0.6502457857131958
Recall: 0.6418776512145996
AUC: 0.8345378637313843
Accuracy: 0.6466244459152222
