TRAIN
Loss: 0.545666494027332
Precision: 0.9681295156478882
Recall: 0.9613461317839446
AUC: 0.9922568775989391
Accuracy: 0.9653086971353602

VALIDATION
Loss: 0.2947354278078786
Precision: 0.9670581133277328
Recall: 0.9406294750946539
AUC: 0.9760256983615734
Accuracy: 0.9503656051777027

TEST
Loss: 0.1888066977262497
Precision: 0.9630255699157715
Recall: 0.9616034030914307
AUC: 0.9923345446586609
Accuracy: 0.9622362852096558
