TRAIN
Loss: 0.533194320195395
Precision: 0.9775142280951791
Recall: 0.9744185572085173
AUC: 0.9959281734798265
Accuracy: 0.9759982850240625

VALIDATION
Loss: 0.24008066757865573
Precision: 0.9744506452394568
Recall: 0.9667950868606567
AUC: 0.9896138595498126
Accuracy: 0.9700972308283267

TEST
Loss: 1.1014187335968018
Precision: 0.7852941155433655
Recall: 0.773829996585846
AUC: 0.8772227168083191
Accuracy: 0.780485212802887
