TRAIN
Loss: 0.8147375529838933
Precision: 0.9545174472861819
Recall: 0.9459420111444261
AUC: 0.9900211327605777
Accuracy: 0.9503816896014743

VALIDATION
Loss: 1.4481796903742685
Precision: 0.6632323579655753
Recall: 0.6311397130290667
AUC: 0.7880796508656608
Accuracy: 0.6509298996792899

TEST
Loss: 1.4729371070861816
Precision: 0.657964825630188
Recall: 0.6513713002204895
AUC: 0.8177791833877563
Accuracy: 0.6552742719650269
